0:A 4 7 51
1:A 4 2 51
2:A 1 3 51
3:A 2 5 51
4:A 0 1 5 54
5:A 3 4 9 54
6:A 7 54
7:A 0 6 54
8:A 9 57
9:A 5 8 57
10:M 14 17 50
11:M 14 12 50
12:M 11 13 50
13:M 12 15 50
14:M 10 11 15 53
15:M 13 14 19 53
16:M 17 53
17:M 10 16 53
18:M 19 56
19:M 15 18 56
20:E 24 27 30 35 80
21:E 24 22 38 80
22:E 21 23 31 36 34 80
23:E 22 25 80
24:E 20 21 25 85
25:E 23 24 29 85
26:E 27 32 36 85
27:E 20 26 85
28:E 29 30 31 90
29:E 35 38 36 90
30:E 34 37 20 28 90
31:E 34 32 22 28 90
32:E 31 33 26 95
33:E 32 35 95
34:E 30 31 35 22 95
35:E 33 34 39 20 29 95
36:E 37 22 26 29 99
37:E 30 36 99
38:E 39 21 29 99
39:E 35 38 99
40:P 44 47
41:P 44 42
42:P 41 43
43:P 42 45
44:P 40 41 45
45:P 43 44 49 
46:P 47 61
47:P 40 46 48
48:P 49 47 76
49:P 45 48
50:C 54 57 10 11 12 13
51:C 54 52 0 1 2 3
52:C 51 53 
53:C 52 55 14 15 16 17
54:C 50 51 55 4 5 6 7 95
55:C 53 54 59 
56:C 57 18 19
57:C 50 56 8 9
58:C 59 
59:C 55 58
60:U 64 67 78
61:U 64 62 90 46
62:U 61 63 76
63:U 62 65
64:U 60 61 65
65:U 63 64 69
66:U 67 78
67:U 60 66
68:U 69 72
69:U 65 68
70:U 74 77
71:U 74 72
72:U 71 73 68
73:U 72 75
74:U 70 71 75 85
75:U 73 74 79
76:U 77 62 48
77:U 70 76
78:U 79 67 60
79:U 75 78
80:Q 84 87 98 20 21 22 23
81:Q 84 82
82:Q 81 83
83:Q 82 85 96
84:Q 80 81 85
85:Q 83 84 89 24 25 26 27 74
86:Q 87 92
87:Q 80 86
88:Q 89
89:Q 85 88 96
90:Q 94 97 28 29 30 31 61
91:Q 94 92
92:Q 91 93 86
93:Q 92 95
94:Q 90 91 95
95:Q 93 94 99 32 33 34 35 54
96:Q 97 83 89
97:Q 90 96
98:Q 99 80
99:Q 95 98 36 37 38 39