83 Q 2 2
53 C 353 353
35 E 545 545
54 C 3643 3643
41 P 0 0
30 E 470 467
86 Q 0 0
93 Q 1 1
33 E 113 112
15 M 423 422
66 U 0 0
87 Q 0 0
45 P 2 2
21 E 285 284
48 P 69 69
16 M 145 145
0 A 103 103
24 E 462 462
82 Q 0 0
97 Q 0 0
80 Q 205 205
81 Q 1 1
96 Q 1 1
62 U 0 0
68 U 0 0
32 E 1027 1027
52 C 57 57
9 A 317 317
51 C 255 255
27 E 124 124
67 U 2 2
20 E 531 531
88 Q 0 0
11 M 140 139
4 A 436 436
78 U 2 2
89 Q 1 1
58 C 0 0
60 U 3 3
39 E 118 117
55 C 215 215
47 P 4 4
59 C 1 1
5 A 673 673
56 C 189 189
49 P 3 3
25 E 420 419
23 E 151 151
28 E 133 131
92 Q 0 0
72 U 0 0
43 P 1 1
18 M 117 115
17 M 124 124
94 Q 770 770
40 P 0 0
10 M 508 506
76 U 130 130
26 E 943 943
90 Q 2095 2095
37 E 136 136
77 U 130 130
91 Q 1 1
13 M 523 520
3 A 125 125
22 E 367 367
69 U 0 0
29 E 779 778
61 U 1468 1468
75 U 5 5
85 Q 1388 1388
71 U 0 0
36 E 237 235
34 E 285 285
7 A 98 98
73 U 1 1
84 Q 2 2
98 Q 1 1
46 P 486 486
38 E 180 180
14 M 179 178
95 Q 2992 2992
8 A 97 97
65 U 0 0
99 Q 204 204
70 U 130 130
44 P 0 0
57 C 248 248
63 U 0 0
2 A 103 103
74 U 664 664
50 C 1804 1804
12 M 135 134
79 U 2 2
31 E 428 428
64 U 5 5
6 A 107 107
1 A 95 95
42 P 0 0
19 M 183 183
