68 U 4 4
11 M 140 139
10 M 524 522
66 U 8 8
74 U 701 701
35 E 554 554
80 Q 236 236
94 Q 790 790
85 Q 1408 1408
42 P 4 4
88 Q 8 8
30 E 471 468
79 U 14 14
95 Q 3029 3029
37 E 136 136
1 A 95 95
61 U 1504 1504
39 E 121 120
51 C 267 267
46 P 514 514
93 Q 22 22
70 U 146 146
60 U 28 28
90 Q 2112 2112
21 E 288 287
73 U 4 4
5 A 673 673
83 Q 12 12
44 P 21 21
25 E 420 419
32 E 1040 1040
0 A 103 103
15 M 445 444
23 E 154 154
50 C 1832 1832
99 Q 213 213
84 Q 22 22
36 E 237 235
91 Q 8 8
2 A 103 103
3 A 125 125
56 C 200 200
4 A 436 436
14 M 186 185
24 E 463 463
6 A 107 107
26 E 952 952
9 A 317 317
19 M 193 193
18 M 117 115
13 M 535 532
67 U 16 16
71 U 24 24
43 P 4 4
76 U 134 134
16 M 145 145
57 C 273 273
78 U 12 12
77 U 136 136
72 U 15 15
40 P 30 30
69 U 3 3
87 Q 16 16
28 E 137 135
59 C 9 9
96 Q 7 7
65 U 7 7
29 E 781 780
17 M 133 133
22 E 393 393
48 P 78 78
63 U 6 6
97 Q 14 14
62 U 27 27
58 C 2 2
89 Q 21 21
41 P 10 10
31 E 437 437
75 U 30 30
53 C 362 362
47 P 54 54
27 E 125 125
82 Q 3 3
33 E 113 112
86 Q 8 8
8 A 97 97
64 U 43 43
54 C 3673 3673
20 E 536 536
7 A 98 98
45 P 10 10
38 E 180 180
92 Q 7 7
81 Q 11 11
98 Q 7 7
55 C 240 240
34 E 306 306
52 C 65 65
49 P 12 12
12 M 135 134
