78 U 124 124
79 U 137 137
89 Q 218 218
39 E 128 127
68 U 71 71
95 Q 3719 3719
71 U 322 322
77 U 185 185
76 U 191 191
73 U 39 39
52 C 97 97
98 Q 66 66
62 U 238 238
86 Q 90 90
93 Q 253 253
99 Q 355 355
67 U 133 133
66 U 53 53
32 E 1391 1391
94 Q 1137 1137
46 P 891 891
56 C 224 224
35 E 604 604
41 P 164 164
84 Q 238 238
90 Q 2331 2331
61 U 1914 1914
64 U 582 582
51 C 318 318
83 Q 185 185
34 E 621 621
2 A 103 103
9 A 317 317
15 M 470 469
33 E 113 112
87 Q 156 156
26 E 1301 1301
20 E 561 561
59 C 90 90
22 E 722 722
49 P 126 126
14 M 191 190
6 A 107 107
37 E 136 136
28 E 144 142
11 M 140 139
75 U 315 315
29 E 818 817
57 C 322 322
54 C 3834 3834
43 P 61 61
0 A 103 103
60 U 312 312
4 A 436 436
13 M 545 542
74 U 1135 1135
55 C 405 405
5 A 673 673
1 A 95 95
80 Q 616 616
40 P 533 533
16 M 146 146
23 E 167 167
31 E 453 453
8 A 97 97
7 A 98 98
36 E 237 235
17 M 143 143
42 P 62 62
38 E 180 180
45 P 171 171
81 Q 111 111
30 E 484 481
96 Q 68 68
72 U 199 199
92 Q 151 151
88 Q 82 82
69 U 56 56
63 U 38 38
85 Q 1822 1822
47 P 768 768
50 C 1918 1918
82 Q 59 59
70 U 290 290
10 M 538 536
25 E 431 430
97 Q 147 147
48 P 222 222
21 E 302 301
65 U 132 132
24 E 471 471
27 E 132 132
44 P 427 427
58 C 29 29
12 M 135 134
18 M 119 117
53 C 412 412
19 M 210 210
91 Q 78 78
3 A 125 125
