94 Q 0 0
93 Q 0 0
44 P 0 0
99 Q 0 0
54 C 0 0
92 Q 0 0
61 U 0 0
49 P 0 0
98 Q 0 0
48 P 0 0
47 P 0 0
68 U 0 0
31 E 0 0
85 Q 0 0
32 E 0 0
67 U 0 0
88 Q 0 0
42 P 0 0
96 Q 0 0
82 Q 0 0
35 E 0 0
90 Q 0 0
79 U 0 0
33 E 0 0
91 Q 0 0
56 C 0 0
58 C 0 0
8 A 0 0
63 U 0 0
38 E 0 0
74 U 0 0
1 A 0 0
76 U 0 0
52 C 0 0
16 M 0 0
50 C 0 0
0 A 200 200
69 U 0 0
2 A 200 200
46 P 0 0
66 U 0 0
26 E 0 0
24 E 0 0
39 E 0 0
13 M 0 0
4 A 0 0
37 E 0 0
40 P 0 0
14 M 0 0
10 M 0 0
65 U 0 0
28 E 0 0
36 E 0 0
20 E 0 0
75 U 0 0
9 A 0 0
34 E 0 0
29 E 0 0
15 M 0 0
22 E 0 0
7 A 0 0
5 A 0 0
83 Q 0 0
12 M 0 0
51 C 400 400
11 M 0 0
87 Q 0 0
81 Q 0 0
6 A 0 0
43 P 0 0
62 U 0 0
80 Q 0 0
95 Q 0 0
57 C 0 0
45 P 0 0
97 Q 0 0
60 U 0 0
19 M 0 0
27 E 0 0
86 Q 0 0
84 Q 0 0
89 Q 0 0
17 M 0 0
71 U 0 0
18 M 0 0
78 U 0 0
64 U 0 0
23 E 0 0
41 P 0 0
25 E 0 0
77 U 0 0
59 C 0 0
73 U 0 0
3 A 0 0
53 C 0 0
21 E 0 0
70 U 0 0
30 E 0 0
72 U 0 0
55 C 0 0
